Func;Dim;BestFO;AvgFO;CFOs;Time;SC
BRANIN2;2;0.397888;0.39791;109777;0.000328721;98
GOLDSTEINPRICE2;2;3.00003;3.00043;196343;0.000715909;46
EASOM2;2;-1;-0.998953;267930;0.000825584;12
SHUBERT2;2;-186.731;-186.723;64791.9;0.000209022;100
BRANIN2;2;0.397888;0.397914;131851;0.000680455;91
HARTMANN3;3;-3.86276;-3.86244;12157.2;0.000587969;65
HARTMANN3;3;-3.86276;-3.86244;12261;0.000599375;65
HARTMANN3;3;-3.86276;-3.86251;48076.1;0.00245046;94
HARTMANN3;3;-3.86276;-3.86251;48132.7;0.00241677;94
HARTMANN3;3;-3.86277;-3.86263;1.03216e+06;0.0134176;100
