0.010725
0.001029
0.099084
0.003643
0.01664
0.01346
0.020724
0.046302
0.016359
0.020267
0.013571
0.018364
0.009508
0.016396
0.013046
0.002921
0.003082
0.012043
0.057181
0.042593
0.02533
0.018656
0.00274
0.034071
0.015102
0.001429
0.00475
0.022279
0.004742
0.00426
0.004221
0.005095
0.001479
0.015788
0.013624
0.009301
0.006586
0.015622
0.016256
0.001129
0.002804
0.011632
0.004777
0.004271
0.008304
0.003216
0.005069
0.007933
0.006935
0.006954
0.003367
0.01171
0.005353
0.011402
0.016126
0.0159
0.011702
0.017551
0.006487
0.011697
0.022578
0.0158
0.017919
0.020915
0.050483
0.005371
0.020683
0.004868
0.040074
0.020306
