227093
227961
235187
152201
247767
270234
205638
231952
204340
221655
169060
219496
240418
270984
211625
165505
229813
208084
202175
209088
196723
171257
202260
204804
201947
239596
218577
239967
149802
217253
182272
181868
180302
268147
246169
166170
266562
170474
188005
226657
234606
182892
259023
161918
196534
208638
258202
214266
194050
244585
193873
240586
178522
223552
225314
214644
225177
211390
220533
227400
252253
257719
203943
169444
189739
190978
273846
178463
229709
180629
228581
227087
179506
200180
222046
212655
177785
210300
330773
192132
198576
248503
181052
219404
201804
284430
193828
230589
172730
253467
245758
156310
219822
235585
224199
201256
247747
224765
166555
220338
