734598
735513
701886
763407
750891
705291
717273
747993
813327
711345
767700
754296
713487
673233
681708
712473
764820
695664
749616
692913
735549
702402
700935
779736
729282
690411
738594
724473
668904
782634
689064
779727
671637
734580
770118
717807
750393
712518
745584
749118
653841
666828
686544
720624
701904
744624
766287
791709
698997
733785
657744
714402
766287
668415
719202
714393
702531
802731
781149
711078
702882
715353
729255
745731
780807
672255
728886
730767
698136
729282
738105
777771
656406
705873
729762
702855
794256
685095
758553
688704
731211
739434
698175
743700
653055
690420
748647
763869
731802
760011
716775
732651
700446
713397
750936
738567
695229
666339
727326
780660
