205452
243225
202140
199530
211707
232425
196461
192096
196434
196866
183420
194355
219366
220248
211194
202941
203445
199503
189117
192987
207279
188199
225882
192978
192141
218970
179991
215973
202104
213759
209034
193464
200808
197757
210312
197280
202500
202572
219105
200808
222885
243279
206838
228573
233280
230211
182547
203040
219870
192132
199017
212949
185193
180783
217233
225459
225180
198216
234126
208656
210393
183465
220257
223704
195606
205974
211617
199053
271467
212454
217683
215559
197829
229356
207342
227682
229383
207306
203760
186120
212454
198999
202563
183438
207738
180378
226449
214677
215865
192537
197325
219465
216837
207729
202518
192546
181764
202086
204696
209844
