10325
10170
10410
10305
10240
10030
10200
10120
10020
10565
10090
10090
9910
10335
10000
9995
10205
10115
10300
10205
10390
10140
10100
10260
9975
10035
10225
10080
9770
10080
10010
9935
10405
10435
10135
9910
10210
10100
9910
9940
9980
10460
10470
10100
10400
10135
10105
10150
10400
10115
10175
9930
10175
10095
10355
9970
10255
9980
10295
10000
9990
10425
10105
10100
9775
10050
10160
9805
10045
9995
10230
10390
10105
9935
10355
9880
10335
10100
10400
10370
10175
10215
10345
10105
9850
10180
10005
9935
10125
10040
9935
10235
10075
10065
10385
10125
10120
10175
10065
10280
