26654
29456
27590
31015
28836
25411
27590
28210
28210
30079
30082
28213
31331
30702
31951
31951
28523
28213
28210
29769
29146
29146
31325
28523
31328
30395
29146
29456
25095
28216
26344
28526
27277
28833
26964
31641
26967
28833
29769
31641
29146
33197
29456
26031
28213
25095
29456
32261
27587
31015
29459
32884
29146
31638
31638
28210
30702
27900
31015
29146
27900
25721
32884
26654
30392
27590
27900
29459
32571
25095
28210
29769
29149
28210
31638
31015
26031
26964
29146
27900
28523
28213
24785
29456
29146
31948
29769
28836
29769
31015
26031
26967
30082
28213
32574
27900
26967
30079
25408
28836
