12955
14270
13370
15635
15515
16380
16360
14090
15050
14960
17135
16280
14930
15135
14815
15035
13380
13720
16235
13980
15885
13675
13750
14640
13725
14190
14910
13870
16105
14985
14730
13135
14455
14080
13820
15385
14300
13165
14070
14140
15350
15860
13180
14415
13560
12805
15445
14555
13265
17105
13820
14180
17560
14515
15790
17035
14105
15310
14905
14960
13280
13655
15080
14145
13175
13435
13030
15455
14505
14465
14745
17105
13625
11865
13550
14685
12895
12235
14515
14690
15220
13480
12495
12365
14535
13350
14375
14590
15140
15540
13120
15680
13835
15005
14830
15405
15670
15680
13770
12590
