58760
61845
61520
59355
56715
63295
63485
59465
63995
64970
58355
61545
58910
62785
57620
58475
59835
64290
59590
58150
62220
63160
60905
59120
58710
60610
63110
67345
60970
63030
63940
61925
61160
60805
57790
65225
60525
61840
60935
59850
63170
60135
60680
64840
62440
58920
59105
56595
57585
62275
64055
59270
59960
55265
58905
59960
58840
57985
65420
62810
57305
63680
61870
60505
65870
59960
63425
58540
58430
60195
63055
61830
61020
63425
58485
61650
60365
64940
66440
67170
60310
61605
60130
63390
63500
63285
58410
59385
62080
64875
61165
60985
62280
56140
63090
68030
61415
72395
58985
59645
