191070
201762
189771
192192
203874
185049
189087
204483
207960
207153
189900
207843
210513
198156
208209
190833
208089
214611
189084
214233
196542
190212
192129
196176
208653
197595
196791
203307
184803
191643
193179
198279
209382
199329
189579
183942
198159
195930
207909
188034
220881
191196
196914
190950
176049
200271
202128
182451
183993
199332
200640
185679
204483
187104
199578
193065
210756
197031
197967
194556
185928
196545
198090
188358
218457
193302
194436
206667
187470
194430
205608
210639
200388
196413
192447
195612
191514
211125
193620
207396
191076
201759
191571
201693
207594
213063
191880
193869
196911
178530
198654
187920
190710
192942
191883
197472
183873
210270
178350
210393
