53475
54200
52250
53825
53450
53825
54200
52875
52275
52875
53225
53500
53225
52900
52850
54150
52525
53875
52975
53575
52625
54175
53525
54125
52600
52625
53500
52850
53175
52875
53200
53550
52500
52575
53225
53550
53475
52875
53800
54125
53225
52900
52825
53175
53825
52900
53175
52150
53500
52225
53225
53525
53575
53550
52575
54125
53525
53475
52300
52900
53525
53200
52875
52500
51850
53175
52850
53225
51850
52600
52900
52550
52475
52550
53250
53500
53500
52250
53475
53275
53475
52850
52850
52925
54475
52825
53175
53900
54125
54250
53500
52900
52850
53850
53275
52525
52925
53850
52900
53500
