2821
2680
2680
2821
2868
2915
2915
2962
2868
2915
2868
2727
2727
2821
2962
3009
2821
2868
2868
2868
2727
2774
2821
2774
2915
2868
3009
2774
3009
2861
2821
3002
2774
2915
2861
2868
2774
2868
2821
2774
2868
2774
2915
2868
2962
2908
2774
3103
2915
3103
3143
2962
2955
2868
2727
2962
2727
2821
2868
2774
3009
2868
2915
2915
2915
2680
2962
2868
2774
3056
2821
2915
2821
2868
2915
3056
2821
2915
2774
2821
2774
2821
2821
2774
3103
3103
2821
2727
2727
2915
2868
2774
2915
2868
2868
3009
2821
2868
2868
2915
