109230
122040
107770
111235
130480
115025
106175
115280
108145
119225
125915
111385
111300
119315
116525
125370
118980
114290
111035
124755
108260
108435
111785
114825
117560
120950
108730
112425
115365
110655
123760
131045
124095
126945
114440
105460
117080
132165
117405
117420
111315
119955
126385
118330
116265
116360
116370
123215
118945
112545
114880
117275
106325
121560
116410
105845
113475
122800
113270
129100
119005
113315
111555
121625
127660
115155
110985
117890
115775
113885
110905
107375
121650
121245
118510
117085
104235
110755
115955
115790
112095
112350
126480
118670
117770
122530
116775
128770
144195
110980
117885
124380
120380
111140
107415
122980
116370
118450
111340
121790
