115204
131921
120338
113632
123545
117472
119705
122905
104929
112011
103315
103322
129020
128067
114884
137702
121632
129013
119413
114606
112317
119058
112616
109437
115218
123218
124839
128053
129653
121319
108790
119378
123566
114571
124512
120651
120992
109729
110383
115844
123545
133187
129013
122279
114919
128707
123246
104943
109117
115872
124206
134467
112637
119712
117124
119065
118091
132206
109750
113618
122599
124192
129987
116171
114251
110063
122272
109757
123872
111684
120992
116213
130641
104957
131580
110056
109103
108129
112950
112651
120025
115204
111065
106849
112310
113924
107183
127726
122265
126766
112644
124185
130286
115858
116505
113896
122926
99781
117778
121639
