91738
89647
90369
89011
92765
95930
89178
96758
87045
91066
91706
96001
86597
101572
86469
94497
92342
96779
88136
89999
95734
91905
96367
98514
96776
99499
93836
99403
98927
94486
96858
93459
90842
97394
94177
97896
87471
95613
88300
92744
96573
99115
94347
100854
91034
95496
88542
96986
92833
93039
91091
101110
94454
89242
90067
87411
96701
92779
88090
98077
92712
96964
93800
99954
94127
109219
98255
87777
93373
91503
91738
89704
102962
100114
95620
94785
98493
92573
87223
93274
92200
96228
88723
96328
100690
93480
99453
92118
98500
90867
91109
94006
90266
102052
99421
99321
94710
92232
96900
92996
