33045
32808
34350
31959
35340
33228
32532
33771
32400
33111
32799
32964
34053
33420
32823
33057
32211
33744
33174
32331
32154
32430
32337
33075
33114
33336
34119
32178
32262
33378
33447
33078
32325
32883
33273
32676
32301
32934
32928
32742
35937
33735
34374
34158
33894
33303
33051
32457
33195
33549
33171
32130
33024
34566
32406
34149
33501
33309
32388
32496
32586
32505
32781
33828
32946
32178
33669
34326
32889
33948
33234
32574
34353
33303
32412
32790
33900
35649
32478
35691
32721
33006
33450
32472
32691
32274
32286
33063
34329
33456
33546
32778
34854
32391
33615
32328
34143
34386
33210
33711
