12104
13062
12738
12420
12677
13268
11950
12147
12715
13602
13006
12810
12923
12774
12692
13307
12906
12564
12577
12530
13011
12572
13826
12663
12584
12959
13016
12371
13088
12726
13725
12656
12898
13774
13019
12374
13157
13049
12512
12533
13057
12659
13324
12954
13358
12214
12972
13307
13761
13052
13062
12674
13170
12343
12900
13016
13358
12790
12523
13348
13026
13322
13399
12276
13175
12040
12186
13358
12985
12440
13504
13653
13195
12934
13126
12735
13502
12715
12733
12715
14088
12150
12674
13168
12890
13651
11880
12780
12153
12816
13396
13193
13093
12962
12720
12849
12520
12289
12872
13383
