32032
40485
31472
32881
33354
33041
33427
35768
29218
32307
42019
36523
32853
32213
36290
36582
36356
33928
34982
30839
32613
30832
29211
35142
33914
37549
33827
27990
34175
30832
35236
40711
30905
30860
35281
36909
27889
31333
40370
30185
30112
32714
29458
38732
37476
32460
36495
34627
37083
36944
33041
33768
39038
34387
38631
38297
41845
27997
32446
35608
37897
34888
33420
31493
34707
33754
39337
31486
35549
33789
32453
37382
34074
29030
33841
36822
28978
40471
38158
31594
34822
34349
33507
32060
39104
36450
35514
30853
35521
38958
31660
32620
30759
30519
34168
36262
27597
39984
30484
32794
