92259
94311
95607
86994
102384
101655
88344
98712
82782
89586
85050
92961
89829
83862
88128
87075
89613
84105
96093
88506
84051
94365
87480
94986
100737
82350
84132
84807
90936
87372
93906
86319
92583
86022
86238
90693
86400
91233
92475
88965
86373
101763
91638
83052
86616
92475
91179
85806
110862
85833
92583
92475
83970
94878
99549
95850
88965
89289
78300
93582
88344
90747
86994
81837
86508
98334
82215
97578
89964
84240
84240
87804
81675
86589
94284
82107
86616
98847
86400
91503
91638
90963
90585
89478
95364
91665
93150
84132
92529
99198
97821
100791
84213
81783
89451
82539
92988
91503
102114
91341
