1494093
1528015
2359137
2188440
3403468
1579036
1920456
1662851
1743112
2108988
1764361
2059721
2108366
2220287
1762103
1936424
1491189
1544421
2052013
1808949
2103544
2422506
1913138
1480506
2003324
1584209
2154635
3401213
2708174
3141618
2192297
1564983
1410391
1904114
1991781
1913531
1686872
1944732
1795145
1789333
3110882
1736146
1992549
2188465
2129571
1992523
2012113
1773941
1522981
1709604
2161050
2057236
2482808
1354897
1718029
1826816
2157659
1543433
1530348
2278930
2623228
2151265
1634054
2290695
1896458
1882470
2442652
893941
2430444
1607402
1719296
2214448
1721648
2152881
2739607
1675265
1670558
2636310
2612590
2118271
1848503
2424491
1983660
2346706
2078619
1832002
2751395
1740453
2158649
1832398
2874231
3280536
1893314
2287030
2448951
1663776
1512626
1801450
1680642
1387480
