551332
547197
617475
557919
582636
593397
545971
549119
585997
679714
574062
618636
604171
571932
611597
555571
568649
567732
542371
590501
594823
568049
623075
532958
575397
592223
567836
568571
597771
592610
564784
639236
574745
568919
576610
547997
567636
559306
541023
603597
588332
543345
593397
622249
596384
568784
530971
580184
565784
622236
612875
553280
568932
578823
561119
591436
615397
573358
613075
589719
521319
615610
608127
551945
593119
607145
586745
575706
571571
590249
559680
572745
623997
566706
540797
566184
590249
571984
624927
538158
620249
545397
563158
559610
626397
573436
547597
580797
562158
534932
551132
535532
575036
562345
537719
600275
558532
558797
551384
579797
