2270760
2270760
2270760
2270760
2270760
2270760
2270760
2270760
2270760
2270760
2270760
2270760
2270760
2270760
2270760
2270760
2270760
2270760
2270760
2270760
2270760
2270760
2270760
2270760
2270760
2270760
2270760
2270760
2270760
2270760
2270760
2270760
2270760
2270760
2270760
2270760
2270760
2270760
2270760
2270760
2270760
2270760
2270760
2270760
2270760
2270760
2270760
2270760
2270760
2270760
2270760
2270760
2270760
2270760
2270760
2270760
2270760
2270760
2270760
2270760
2270760
2270760
2270760
2270760
2270760
2270760
2270760
2270760
2270760
2270760
2270760
2270760
2270760
2270760
2270760
2270760
2270760
2270760
2285183
2270760
2270760
2270760
2270760
2270760
2270760
2270760
2270760
2270760
2270760
2270760
2270760
2270760
2270760
2270760
2270760
2270760
2270760
2270760
2270760
2270760
