385587
417656
425748
429794
429725
433771
465909
429725
429679
433748
441748
437702
453771
453679
465771
437748
429679
489932
417794
477932
409656
445702
477932
389541
381518
445863
477932
409587
393541
485909
413656
453794
445817
409679
413633
437702
437771
449840
381518
437725
461840
405656
337334
385426
433840
429817
421633
393541
485932
469909
457886
469932
425725
397679
437679
457817
409610
437771
437679
409610
477932
385564
502116
453771
453817
429817
417679
461932
405610
421587
433817
421748
465771
433771
437840
433702
441725
429748
490001
477840
489840
413679
465702
457817
421702
473886
445932
437863
457840
445840
469863
413633
465771
453794
421610
437748
469909
421656
441771
494001
