264540
266135
264540
270145
249305
274960
255715
268550
270950
260530
255715
274155
255715
262140
254925
272545
276555
266940
263735
262930
266955
266940
265330
262930
270145
279775
262945
266150
254925
264540
263735
272560
259740
258935
264540
276555
255715
266150
263735
255715
285365
268550
260530
258920
258920
265345
263735
266940
255715
260530
270950
260530
267745
259725
256520
273350
260530
269340
257325
261335
266940
260530
262140
270950
266135
274945
262930
266135
258920
260530
254120
272545
261335
262140
258130
274960
261335
266135
268535
261335
272560
269340
285380
269340
263735
263735
265345
262125
262125
280565
286975
264540
260530
268550
274960
263735
260530
275750
266150
260530
