124825
126430
121210
122410
120805
126025
122410
124015
122815
122410
122410
123220
122410
120805
124015
122020
122410
120805
122410
120400
121210
122815
127240
124030
122410
122410
122410
122410
121210
124825
126025
123220
125230
124015
124420
123610
123220
120400
121210
122005
120805
123220
120400
125620
124015
123610
124825
123610
122410
126025
120400
121210
122410
124420
120805
124825
120805
122005
122410
122815
124420
120805
122410
124015
124420
124825
126835
125215
123220
120805
121615
120400
122005
122410
122410
122410
122005
123610
120400
122410
123625
124825
122410
123220
121615
120400
122410
125620
121210
123610
122005
123625
127630
122410
124015
124825
122410
122005
120400
120400
