3940
3295
4240
4025
4030
4295
4425
3905
3520
3940
3865
3725
4280
4505
4585
3945
3770
3600
3725
4370
4240
4345
4290
3990
3950
3640
4040
4290
3700
3610
3905
4065
3375
3645
4210
3515
3940
3645
4365
3715
3720
3945
4335
3740
4075
3840
3760
4295
3395
4230
3850
4030
3940
3485
3475
3715
3935
3805
3675
4260
3770
4080
3640
3680
4395
4125
3920
3860
3850
3735
4320
3640
4155
3640
3245
3645
3645
3700
3955
4035
3765
4150
3695
3655
4015
4505
3670
4160
4240
4675
4235
3865
4045
3465
4110
4075
4025
3515
3285
3380
