5706
5475
5681
5674
5832
5635
5523
5951
5475
5429
5564
5594
5759
5635
5484
5889
5937
5935
5864
5793
5635
5578
5580
5970
5484
6132
5612
5429
5431
5958
5651
6022
5690
5704
5681
5649
5516
5628
5873
5589
5736
5587
6088
5674
5795
5477
5928
5784
6086
5612
5548
6024
5541
5422
5752
5814
5660
5720
6130
5640
5697
5660
5617
5681
5523
5656
5539
5857
5953
5587
5795
5514
5660
5750
5967
5674
5500
5541
5525
5674
5500
5839
5619
6150
5676
5706
5777
5821
5823
5603
5711
5832
5468
5589
5928
5972
5683
5578
6317
6189
