102300
102300
102300
102300
102300
102300
102300
102300
102300
102300
102300
102300
102300
102300
102300
102300
102300
102300
102300
102300
102300
102300
102300
102300
102300
102300
102300
102300
102300
102300
102300
102300
102300
102300
102300
102300
102300
102300
102300
102300
102300
102300
102300
102300
102300
102300
102300
102300
102300
102300
102300
102300
102300
102300
102300
102300
102300
102300
102300
102300
102300
102300
102300
102300
102300
102300
102300
102300
102300
102300
102300
102300
102300
102300
102300
102300
102300
102345
102300
102300
102300
102300
102300
102300
102300
102300
102300
102300
102300
102300
102345
102300
102300
102300
102300
102300
102300
102300
102300
102300
