63671
61811
64914
55599
77344
61805
64914
68026
64297
66163
66783
58705
68652
58699
66783
63671
69269
64294
61808
61808
64920
66166
60568
63674
68646
57456
65543
63674
68026
58702
63054
71755
66157
71752
66777
65540
71129
66160
64917
70509
64917
64294
58702
70509
63048
74858
58082
62437
64294
63671
67403
62431
69275
68643
68649
66160
75481
72995
70509
65534
71752
60565
70509
60568
74244
63051
62437
72378
64917
65540
72992
63054
66783
64291
65540
56213
62431
61814
75481
63051
61808
55596
70506
74235
61808
69266
68020
54973
54350
64920
69266
73612
78590
68649
63051
60571
64294
79833
70509
58076
