778535
954330
767156
863491
761426
753787
857878
1006099
1157507
836535
807348
801309
703979
755683
834626
742356
933761
884239
822252
915621
693075
760200
965234
745413
862434
819969
730148
905852
758122
829374
901208
935182
771065
750457
850369
776844
774974
830239
874265
802135
755231
847000
987556
746987
866756
728844
742122
830073
895530
845982
737657
722470
799091
900873
774587
904021
866782
809891
730187
836574
781748
848278
823904
781179
760883
724548
901543
923078
720600
892382
803413
748857
816987
758818
809709
764587
885104
829130
802421
772109
822678
850678
814161
893969
786522
769917
763722
769852
767917
739309
854304
834704
758444
792356
787517
792161
1015234
819387
815078
788187
