1135560
1142773
1135560
1142773
1135560
1149986
1143686
1135560
1142773
1150899
1135560
1150899
1142773
1135560
1135560
1142773
1146386
1135560
1142773
1135560
1136473
1135560
1135560
1142773
1142773
1136473
1136473
1149986
1149986
1135560
1142773
1142773
1135560
1135560
1135560
1135560
1142773
1151812
1142773
1149986
1142773
1135560
1135560
1135560
1149986
1135560
1142773
1149986
1135560
1135560
1135560
1136473
1151799
1135560
1135560
1146386
1135560
1142773
1142773
1135560
1142773
1149986
1135560
1136473
1149986
1142773
1142773
1135560
1142773
1135560
1135560
1135560
1142773
1142773
1140999
1135560
1135560
1143686
1142773
1142773
1135560
1149986
1135560
1135560
1135560
1142773
1135560
1136473
1135560
1142773
1135560
1142773
1135560
1142773
1142773
1149986
1150899
1135560
1157199
1157199
